11999193818;6;12;13;18;25;30;31;37;44;58;
11999193818;6;12;13;18;25;30;31;37;44;58;
11999193818;6;12;13;18;25;30;31;37;44;58;
11999193818;6;12;13;18;25;30;31;37;44;58;
35988047298;1;10;12;19;25;26;42;49;51;60;
35988047298;1;10;12;19;25;26;42;49;51;
35988047298;1;10;12;19;25;26;42;49;51;
35988047298;1;10;12;19;25;26;42;49;51;60;
35988047298;1;10;12;19;25;26;42;49;51;60;
35988047298;1;10;12;19;25;26;42;49;51;60;
35988047298;1;10;12;19;25;26;42;49;51;60;
35988047298;1;10;12;19;25;26;42;49;51;60;
35988047298;1;10;12;19;25;26;42;49;51;
35988047298;1;10;12;19;25;26;42;49;51;
35988047298;1;10;12;19;25;26;42;49;51;
35988047298;1;10;12;19;25;26;42;49;51;
35988047298;1;10;12;19;25;26;42;49;51;
35988047298;1;10;12;19;25;26;42;49;51;
35988047298;1;10;12;19;25;26;42;49;51;
35988047298;1;10;12;19;25;26;42;49;51;60;
35988047298;1;10;12;19;25;26;42;49;51;60;
